{
 "cells": [
  {
   "cell_type": "code",
   "execution_count": 22,
   "id": "a5969bf6-08bc-45f6-9f35-735d7ce4bf0c",
   "metadata": {},
   "outputs": [],
   "source": [
    "using LinearAlgebra"
   ]
  },
  {
   "cell_type": "code",
   "execution_count": 23,
   "id": "47424694-30a7-40fa-ba18-d2d2c8df5317",
   "metadata": {},
   "outputs": [
    {
     "data": {
      "text/plain": [
       "unhat (generic function with 1 method)"
      ]
     },
     "execution_count": 23,
     "metadata": {},
     "output_type": "execute_result"
    }
   ],
   "source": [
    "function hat(v)\n",
    "    return [0 -v[3] v[2];\n",
    "            v[3] 0 -v[1];\n",
    "            -v[2] v[1] 0]\n",
    "end\n",
    "function unhat(S)\n",
    "    return 0.5*[S[3,2]-S[2,3];\n",
    "                S[1,3]-S[3,1];\n",
    "                S[2,3]-S[3,2]]\n",
    "end"
   ]
  },
  {
   "cell_type": "code",
   "execution_count": 24,
   "id": "d7d5b45d-5c5d-4f46-92b4-4e97e664a51e",
   "metadata": {},
   "outputs": [
    {
     "data": {
      "text/plain": [
       "3×3 Matrix{Float64}:\n",
       "  0.714097  0.686494  -0.137079\n",
       " -0.640789  0.56215   -0.522854\n",
       " -0.281877  0.461208   0.841328"
      ]
     },
     "execution_count": 24,
     "metadata": {},
     "output_type": "execute_result"
    }
   ],
   "source": [
    "#Make a random attitude\n",
    "Qtrue = exp(hat(randn(3)))"
   ]
  },
  {
   "cell_type": "code",
   "execution_count": 25,
   "id": "ad2eeab4-7388-4d9c-9c4b-af8194812501",
   "metadata": {},
   "outputs": [
    {
     "data": {
      "text/plain": [
       "3×10 Matrix{Float64}:\n",
       " -0.565076  0.839081   0.519197    …   0.0691212  -0.802324   0.491241\n",
       " -0.72535   0.301035  -0.85465        -0.907583    0.207862  -0.736219\n",
       "  0.393136  0.453123  -0.00275012     -0.414144   -0.559526   0.465472"
      ]
     },
     "execution_count": 25,
     "metadata": {},
     "output_type": "execute_result"
    }
   ],
   "source": [
    "#Make some random vectors\n",
    "n = 10\n",
    "r_B = randn(3,n)\n",
    "for k = 1:n\n",
    "    r_B[:,k] .= r_B[:,k]/norm(r_B[:,k])\n",
    "end\n",
    "\n",
    "r_N = Qtrue*r_B"
   ]
  },
  {
   "cell_type": "code",
   "execution_count": 33,
   "id": "a233de57-c0d6-47b7-b91c-776b4837eedf",
   "metadata": {},
   "outputs": [],
   "source": [
    "#Add some noise\n",
    "for k = 1:n\n",
    "    r_B[:,k] += 0.1*randn(3)\n",
    "    r_B[:,k] .= r_B[:,k]/norm(r_B[:,k])\n",
    "end"
   ]
  },
  {
   "cell_type": "code",
   "execution_count": 34,
   "id": "15fb2087-c238-4886-9558-74775be07587",
   "metadata": {},
   "outputs": [],
   "source": [
    "#Attitude Profile Matrix\n",
    "w = ones(n)\n",
    "B = zeros(3,3)\n",
    "for k = 1:n\n",
    "    B += w[k]*r_B[:,k]*r_N[:,k]'\n",
    "end"
   ]
  },
  {
   "cell_type": "code",
   "execution_count": 35,
   "id": "6de103de-a7dd-4ce9-8772-cc6b232a4bba",
   "metadata": {},
   "outputs": [
    {
     "data": {
      "text/plain": [
       "SVD{Float64, Float64, Matrix{Float64}, Vector{Float64}}\n",
       "U factor:\n",
       "3×3 Matrix{Float64}:\n",
       "  0.236296   0.85694   -0.458058\n",
       " -0.969482   0.176226  -0.170437\n",
       " -0.0653324  0.484353   0.87243\n",
       "singular values:\n",
       "3-element Vector{Float64}:\n",
       " 4.029641251074404\n",
       " 3.8527774617481607\n",
       " 2.0435471683499533\n",
       "Vt factor:\n",
       "3×3 Matrix{Float64}:\n",
       " -0.495036  -0.65803   -0.567394\n",
       "  0.705464  -0.685605   0.179626\n",
       " -0.507208  -0.311355   0.803616"
      ]
     },
     "execution_count": 35,
     "metadata": {},
     "output_type": "execute_result"
    }
   ],
   "source": [
    "F = svd(B)"
   ]
  },
  {
   "cell_type": "code",
   "execution_count": 36,
   "id": "b1c3716f-dd31-4800-a84c-525260db279d",
   "metadata": {},
   "outputs": [
    {
     "data": {
      "text/plain": [
       "3×3 Matrix{Float64}:\n",
       "  0.719896  0.690696  -0.0684674\n",
       " -0.600394  0.570193  -0.56072\n",
       " -0.348247  0.444768   0.82517"
      ]
     },
     "execution_count": 36,
     "metadata": {},
     "output_type": "execute_result"
    }
   ],
   "source": [
    "Q1 = F.V*F.U'"
   ]
  },
  {
   "cell_type": "code",
   "execution_count": 37,
   "id": "569f3054-23ee-408a-b9f8-7e28f78474a7",
   "metadata": {},
   "outputs": [
    {
     "data": {
      "text/plain": [
       "3×3 Matrix{Float64}:\n",
       "  1.0          -1.38778e-16  0.0\n",
       " -1.38778e-16   1.0          2.77556e-16\n",
       "  0.0           2.77556e-16  1.0"
      ]
     },
     "execution_count": 37,
     "metadata": {},
     "output_type": "execute_result"
    }
   ],
   "source": [
    "#Is the solution orthogonal?\n",
    "Q1'*Q1"
   ]
  },
  {
   "cell_type": "code",
   "execution_count": 38,
   "id": "f67a1020-1584-4ccf-b1d2-855c43c4ce5c",
   "metadata": {},
   "outputs": [
    {
     "data": {
      "text/plain": [
       "0.9999999999999999"
      ]
     },
     "execution_count": 38,
     "metadata": {},
     "output_type": "execute_result"
    }
   ],
   "source": [
    "#Is it \"special\"?\n",
    "det(Q1)"
   ]
  },
  {
   "cell_type": "code",
   "execution_count": 39,
   "id": "ebaa1631-1a81-490b-8281-41ce0a063692",
   "metadata": {},
   "outputs": [
    {
     "data": {
      "text/plain": [
       "3×3 Matrix{Float64}:\n",
       " 0.996965    -0.00392134  -0.0777546\n",
       " 0.00248093   0.999824    -0.0186131\n",
       " 0.0778139    0.0183637    0.996799"
      ]
     },
     "execution_count": 39,
     "metadata": {},
     "output_type": "execute_result"
    }
   ],
   "source": [
    "#Does it match the true solution?\n",
    "Q1'*Qtrue"
   ]
  },
  {
   "cell_type": "code",
   "execution_count": 40,
   "id": "49328f63-66e9-4922-a932-8ab301f9f4f0",
   "metadata": {},
   "outputs": [
    {
     "data": {
      "text/plain": [
       "4.706786977658144"
      ]
     },
     "execution_count": 40,
     "metadata": {},
     "output_type": "execute_result"
    }
   ],
   "source": [
    "#Error in degrees\n",
    "(180/pi)*norm(unhat(log(Q1'*Qtrue)))"
   ]
  },
  {
   "cell_type": "code",
   "execution_count": null,
   "id": "d12c43cf-0d26-4fe5-820a-b8d58a68163e",
   "metadata": {},
   "outputs": [],
   "source": []
  }
 ],
 "metadata": {
  "kernelspec": {
   "display_name": "Julia 1.12",
   "language": "julia",
   "name": "julia-1.12"
  },
  "language_info": {
   "file_extension": ".jl",
   "mimetype": "application/julia",
   "name": "julia",
   "version": "1.12.5"
  }
 },
 "nbformat": 4,
 "nbformat_minor": 5
}
