{
 "cells": [
  {
   "cell_type": "code",
   "execution_count": null,
   "id": "a201bc51",
   "metadata": {},
   "outputs": [
    {
     "data": {
      "text/plain": [
       "array([[ 9.99999998e-01, -4.84790564e-05,  4.84837572e-05],\n",
       "       [ 4.84814068e-05,  9.99999998e-01, -4.84790564e-05],\n",
       "       [-4.84814069e-05,  4.84814068e-05,  9.99999998e-01]])"
      ]
     },
     "execution_count": 1,
     "metadata": {},
     "output_type": "execute_result"
    }
   ],
   "source": [
    "# Find M for bearing sensor\n",
    "from scipy.spatial.transform import Rotation\n",
    "import numpy as np\n",
    "import sensors\n",
    "\n",
    "# Misalignment Error\n",
    "q0 = Rotation.from_euler('xyz', [0.00277778, 0.00277778, 0.00277778], degrees=True).as_quat()\n",
    "R0 = Rotation.from_quat(q0).as_matrix()\n",
    "R0"
   ]
  },
  {
   "cell_type": "code",
   "execution_count": 1,
   "id": "876deaef",
   "metadata": {},
   "outputs": [
    {
     "data": {
      "text/plain": [
       "array([[ 9.99984545e-01, -7.27262750e-05, -7.27156979e-05],\n",
       "       [ 7.27209865e-05,  9.99984545e-01, -7.27262750e-05],\n",
       "       [ 7.27232338e-05,  7.27232336e-05,  1.00001544e+00]])"
      ]
     },
     "execution_count": 1,
     "metadata": {},
     "output_type": "execute_result"
    }
   ],
   "source": [
    "# Find M for gyro\n",
    "from scipy.spatial.transform import Rotation\n",
    "import numpy as np\n",
    "import sensors\n",
    "\n",
    "# Misalignment Error\n",
    "q0 = Rotation.from_euler('xyz', [0.00416667, -0.00416667, 0.00416667], degrees=True).as_quat()\n",
    "R0 = Rotation.from_quat(q0).as_matrix()\n",
    "\n",
    "# Scale Factor Error\n",
    "scale_factor_error = 15.45/1000000\n",
    "R0[0] = R0[0] - scale_factor_error*R0[0]\n",
    "R0[1] = R0[1] - scale_factor_error*R0[1]\n",
    "R0[2] = R0[2] + scale_factor_error*R0[2]\n",
    "R0"
   ]
  }
 ],
 "metadata": {
  "kernelspec": {
   "display_name": "venv",
   "language": "python",
   "name": "python3"
  },
  "language_info": {
   "codemirror_mode": {
    "name": "ipython",
    "version": 3
   },
   "file_extension": ".py",
   "mimetype": "text/x-python",
   "name": "python",
   "nbconvert_exporter": "python",
   "pygments_lexer": "ipython3",
   "version": "3.14.3"
  }
 },
 "nbformat": 4,
 "nbformat_minor": 5
}
